R1_92_1	1637	30489	0
R2_24_1	3788	9538	0
R2_24_2	2985	4830	0
R2_6_1	546	41218	0
R2_6_2	491	21972	0
R1_92_2	727	16133	0
R2_76_2	1030	4	0
R2_76_3	822	2	0
R2_76_1	908	2	0
R2_73_1	944	95	0
R2_73_2	3451	3290	0
R2_72_1	1639	179386	0
R2_72_2	1792	215302	0
R2_72_3	1862	299823	0
R2_72_4	1442	290155	0
R2_71_1	1127	1222	0
R2_71_2	369	28	0
R2_7_2	1728	337385	0
R2_7_1	635	74929	0
R2_68_1	2461	2408	0
R2_68_2	2015	1530	0
R2_67_1	523	859	0
R1_52_1	1118	64	0
R1_52_2	1504	238	0
R2_117_1	1039	8770	0
R2_117_3	913	8663	0
R2_47_1	3894	162	0
R2_47_2	1201	0	0
R2_55_2	661	164	0
R2_55_3	782	152	0
R2_53_1	1916	32987	0
R2_53_2	1989	30590	0
R2_53_3	1674	20075	0
R2_33_1	283	2	0
R1_31_1	661	37267	0
R1_31_2	1466	14813	0
R1_33_2	1022	30664	0
R1_33_1	2361	76212	0
R1_32_1	944	11842	0
R1_32_2	783	4947	0
R1_24_1	4577	20	0
R2_46_1	1921	58721	0
R2_46_3	1003	41497	0
R2_46_2	402	5511	0
R2_45_1	1379	1426	0
R2_45_2	1862	1649	0
R2_45_3	1963	2988	0
R2_45_4	1717	2979	0
R2_41_1	2182	28119	0
R2_41_2	616	60984	0
R2_63_1	1571	1107	0
R2_63_3	712	332	0
R2_37_2	2187	34	0
R2_37_3	1083	14	0
R2_37_1	1143	34	0
R2_42_1	1367	80020	0
R2_42_2	655	46589	0
R2_42_3	558	30370	0
R2_38_1	829	9466	0
R2_38_2	760	21474	0
R2_38_3	872	31097	0
R2_38_4	573	30386	0
R2_32_1	868	3900	0
R2_32_2	1235	5246	0
R2_32_3	1148	3239	0
R2_28_1	997	5187	0
R2_28_2	2547	13967	0
R2_28_3	606	3228	0
R2_27_1	2254	1143	0
R2_27_2	1106	2527	0
R2_20_1	1258	46	0
R2_20_2	1343	168	0
R2_26_1	4401	36997	0
R2_26_2	1417	18052	0
R2_140_1	945	11932	0
R2_153_3	1686	43	0
R2_153_1	664	65	0
R2_153_2	922	76	0
R1_14_1	664	170388	0
R2_154_1	912	75687	0
R2_154_2	820	524893	0
R2_152_1	2243	6	0
R2_152_2	1854	14	0
R2_151_3	492	42	0
R2_151_1	794	53	0
R2_151_2	1000	71	0
R1_23_2	1182	10921	0
R1_23_1	1689	25295	0
R1_22_1	1169	263555	0
R1_22_2	1041	110100	0
R2_150_1	755	106446	0
R2_150_2	1846	304633	0
R1_21_1	867	21	0
R1_21_2	794	3	0
R2_143_1	825	194	0
R2_14_1	1069	172397	0
R2_14_2	596	65959	0
R2_14_3	931	65933	0
R1_103_1	1754	82272	0
R1_103_2	1856	354467	0
R2_19_2	6943	18631	0
R2_19_1	1688	2672	0
R1_102_2	1362	3912	0
R1_102_1	1490	8037	0
R1_13_1	1940	43697	0
R1_13_2	698	3113	0
R1_101_1	719	3658	0
R1_101_2	430	554	0
R2_116_2	711	223	0
R2_116_1	745	234	0
R2_116_3	639	213	0
R2_105_1	375	10	0
R2_1_1	995	330	0
R1_93_1	1725	30	0
R1_93_2	1177	12	0
R2_115_1	794	10	0
R2_115_2	1045	12	0
R2_65_1	908	375528	0
R1_91_1	605	1395	0
R1_91_2	954	4872	0
R1_83_2	945	58	0
R1_83_1	1648	100	0
R1_82_1	1400	60	0
R1_82_2	982	24	0
R1_81_1	889	47	0
R1_81_2	1651	57	0
R1_72_1	988	114	0
R1_72_2	1227	122	0
R1_61_2	535	882	0
R1_61_1	663	502	0
R1_62_1	955	369	0
R1_62_2	627	113	0
R1_71_2	476	3212	0
R1_71_1	825	1929	0
R1_63_1	2336	160	0
R1_63_2	1506	50	0
R1_51_2	890	0	0
R1_51_1	884	0	0
R1_53_1	1986	162	0
R1_41_1	439	9733	0
R1_41_2	1001	7547	0
R2_54_1	2993	63	0
R2_54_2	1523	31	0
R1_42_1	975	55	0
R1_42_2	604	37	0
R1_11_2	785	270895	0
R1_11_1	703	165000	0
R2_60_2	1625	1899	0
R2_60_1	1188	2012	0
R2_57_1	1392	1174	0
R2_57_2	1199	2973	0
R1_12_2	1582	27	0
R1_12_1	1310	53	0
R2_59_1	2625	3961	0
R2_59_2	2484	2033	0
R2_59_3	1083	776	0
R1_43_1	2617	306	0
R1_43_2	2907	691	0
R1_73_1	1914	167671	0
R1_73_2	2865	115639	0
*	0	0	0
